# name x y w h (name = address in the original program)
E1C7 0 0 2 16
E1D9 3 0 16 2
E1EB 20 0 2 2
E1EF 23 0 2 2
E1F3 26 0 2 2
E1F7 29 0 2 2
E1FB 32 0 2 2
E1FF 35 0 8 8
E221 44 0 2 4
E227 47 0 2 10
E233 50 0 10 2
E23F 61 0 10 10
E273 72 0 10 10
E2A7 83 0 10 10
E2DB 94 0 10 10
E30F 105 0 10 10
E343 116 0 10 10
E377 0 17 10 10
E3AB 11 17 10 10
E3DF 22 17 10 2
E3EB 33 17 2 10
E3F7 36 17 10 8
E421 47 17 10 6
E441 58 17 10 4
E457 69 17 10 8
E481 80 17 10 8
E4AB 91 17 10 6
E4CB 102 17 10 4
E4E1 113 17 10 2
E4ED 0 28 10 8
E517 11 28 10 6
E537 22 28 10 4
E54D 33 28 10 2
E559 44 28 8 10
E583 53 28 6 10
E5A3 60 28 4 10
E5B9 65 28 8 10
E5E3 74 28 6 10
E603 81 28 4 10
E619 86 28 8 10
E643 95 28 6 10
E663 102 28 4 10
E679 107 28 8 10
E6A3 116 28 6 10
E6C3 123 28 4 10
E6D9 0 39 16 4
E6FB 17 39 16 4
E71D 34 39 16 2
E72F 51 39 2 16
E741 54 39 4 4
E74B 59 39 4 4
E755 64 39 4 4
DD13 69 39 16 16
